-6.28319
-6.27091
-6.25864
-6.24637
-6.23410
-6.22183
-6.20955
-6.19728
-6.18501
-6.17274
-6.16047
-6.14819
-6.13592
-6.12365
-6.11138
-6.09911
-6.08684
-6.07456
-6.06229
-6.05002
-6.03775
-6.02548
-6.01320
-6.00093
-5.98866
-5.97639
-5.96412
-5.95185
-5.93957
-5.92730
-5.91503
-5.90276
-5.89049
-5.87821
-5.86594
-5.85367
-5.84140
-5.82913
-5.81686
-5.80458
-5.79231
-5.78004
-5.76777
-5.75550
-5.74322
-5.73095
-5.71868
-5.70641
-5.69414
-5.68186
-5.66959
-5.65732
-5.64505
-5.63278
-5.62051
-5.60823
-5.59596
-5.58369
-5.57142
-5.55915
-5.54687
-5.53460
-5.52233
-5.51006
-5.49779
-5.48552
-5.47324
-5.46097
-5.44870
-5.43643
-5.42416
-5.41188
-5.39961
-5.38734
-5.37507
-5.36280
-5.35052
-5.33825
-5.32598
-5.31371
-5.30144
-5.28917
-5.27689
-5.26462
-5.25235
-5.24008
-5.22781
-5.21553
-5.20326
-5.19099
-5.17872
-5.16645
-5.15418
-5.14190
-5.12963
-5.11736
-5.10509
-5.09282
-5.08054
-5.06827
-5.05600
-5.04373
-5.03146
-5.01919
-5.00691
-4.99464
-4.98237
-4.97010
-4.95783
-4.94555
-4.93328
-4.92101
-4.90874
-4.89647
-4.88419
-4.87192
-4.85965
-4.84738
-4.83511
-4.82284
-4.81056
-4.79829
-4.78602
-4.77375
-4.76148
-4.74920
-4.73693
-4.72466
-4.71239
-4.70012
-4.68785
-4.67557
-4.66330
-4.65103
-4.63876
-4.62649
-4.61421
-4.60194
-4.58967
-4.57740
-4.56513
-4.55285
-4.54058
-4.52831
-4.51604
-4.50377
-4.49150
-4.47922
-4.46695
-4.45468
-4.44241
-4.43014
-4.41786
-4.40559
-4.39332
-4.38105
-4.36878
-4.35651
-4.34423
-4.33196
-4.31969
-4.30742
-4.29515
-4.28287
-4.27060
-4.25833
-4.24606
-4.23379
-4.22152
-4.20924
-4.19697
-4.18470
-4.17243
-4.16016
-4.14788
-4.13561
-4.12334
-4.11107
-4.09880
-4.08652
-4.07425
-4.06198
-4.04971
-4.03744
-4.02517
-4.01289
-4.00062
-3.98835
-3.97608
-3.96381
-3.95153
-3.93926
-3.92699
-3.91472
-3.90245
-3.89018
-3.87790
-3.86563
-3.85336
-3.84109
-3.82882
-3.81654
-3.80427
-3.79200
-3.77973
-3.76746
-3.75518
-3.74291
-3.73064
-3.71837
-3.70610
-3.69383
-3.68155
-3.66928
-3.65701
-3.64474
-3.63247
-3.62019
-3.60792
-3.59565
-3.58338
-3.57111
-3.55884
-3.54656
-3.53429
-3.52202
-3.50975
-3.49748
-3.48520
-3.47293
-3.46066
-3.44839
-3.43612
-3.42385
-3.41157
-3.39930
-3.38703
-3.37476
-3.36249
-3.35021
-3.33794
-3.32567
-3.31340
-3.30113
-3.28885
-3.27658
-3.26431
-3.25204
-3.23977
-3.22750
-3.21522
-3.20295
-3.19068
-3.17841
-3.16614
-3.15386
-3.14159
-3.12932
-3.11705
-3.10478
-3.09251
-3.08023
-3.06796
-3.05569
-3.04342
-3.03115
-3.01887
-3.00660
-2.99433
-2.98206
-2.96979
-2.95751
-2.94524
-2.93297
-2.92070
-2.90843
-2.89616
-2.88388
-2.87161
-2.85934
-2.84707
-2.83480
-2.82252
-2.81025
-2.79798
-2.78571
-2.77344
-2.76117
-2.74889
-2.73662
-2.72435
-2.71208
-2.69981
-2.68753
-2.67526
-2.66299
-2.65072
-2.63845
-2.62618
-2.61390
-2.60163
-2.58936
-2.57709
-2.56482
-2.55254
-2.54027
-2.52800
-2.51573
-2.50346
-2.49118
-2.47891
-2.46664
-2.45437
-2.44210
-2.42983
-2.41755
-2.40528
-2.39301
-2.38074
-2.36847
-2.35619
-2.34392
-2.33165
-2.31938
-2.30711
-2.29484
-2.28256
-2.27029
-2.25802
-2.24575
-2.23348
-2.22120
-2.20893
-2.19666
-2.18439
-2.17212
-2.15984
-2.14757
-2.13530
-2.12303
-2.11076
-2.09849
-2.08621
-2.07394
-2.06167
-2.04940
-2.03713
-2.02485
-2.01258
-2.00031
-1.98804
-1.97577
-1.96350
-1.95122
-1.93895
-1.92668
-1.91441
-1.90214
-1.88986
-1.87759
-1.86532
-1.85305
-1.84078
-1.82851
-1.81623
-1.80396
-1.79169
-1.77942
-1.76715
-1.75487
-1.74260
-1.73033
-1.71806
-1.70579
-1.69351
-1.68124
-1.66897
-1.65670
-1.64443
-1.63216
-1.61988
-1.60761
-1.59534
-1.58307
-1.57080
-1.55852
-1.54625
-1.53398
-1.52171
-1.50944
-1.49717
-1.48489
-1.47262
-1.46035
-1.44808
-1.43581
-1.42353
-1.41126
-1.39899
-1.38672
-1.37445
-1.36217
-1.34990
-1.33763
-1.32536
-1.31309
-1.30082
-1.28854
-1.27627
-1.26400
-1.25173
-1.23946
-1.22718
-1.21491
-1.20264
-1.19037
-1.17810
-1.16583
-1.15355
-1.14128
-1.12901
-1.11674
-1.10447
-1.09219
-1.07992
-1.06765
-1.05538
-1.04311
-1.03084
-1.01856
-1.00629
-0.99402
-0.98175
-0.96948
-0.95720
-0.94493
-0.93266
-0.92039
-0.90812
-0.89584
-0.88357
-0.87130
-0.85903
-0.84676
-0.83449
-0.82221
-0.80994
-0.79767
-0.78540
-0.77313
-0.76085
-0.74858
-0.73631
-0.72404
-0.71177
-0.69950
-0.68722
-0.67495
-0.66268
-0.65041
-0.63814
-0.62586
-0.61359
-0.60132
-0.58905
-0.57678
-0.56450
-0.55223
-0.53996
-0.52769
-0.51542
-0.50315
-0.49087
-0.47860
-0.46633
-0.45406
-0.44179
-0.42951
-0.41724
-0.40497
-0.39270
-0.38043
-0.36816
-0.35588
-0.34361
-0.33134
-0.31907
-0.30680
-0.29452
-0.28225
-0.26998
-0.25771
-0.24544
-0.23317
-0.22089
-0.20862
-0.19635
-0.18408
-0.17181
-0.15953
-0.14726
-0.13499
-0.12272
-0.11045
-0.09817
-0.08590
-0.07363
-0.06136
-0.04909
-0.03682
-0.02454
-0.01227
0.00000
0.01227
0.02454
0.03682
0.04909
0.06136
0.07363
0.08590
0.09817
0.11045
0.12272
0.13499
0.14726
0.15953
0.17181
0.18408
0.19635
0.20862
0.22089
0.23317
0.24544
0.25771
0.26998
0.28225
0.29452
0.30680
0.31907
0.33134
0.34361
0.35588
0.36816
0.38043
0.39270
0.40497
0.41724
0.42951
0.44179
0.45406
0.46633
0.47860
0.49087
0.50315
0.51542
0.52769
0.53996
0.55223
0.56450
0.57678
0.58905
0.60132
0.61359
0.62586
0.63814
0.65041
0.66268
0.67495
0.68722
0.69950
0.71177
0.72404
0.73631
0.74858
0.76085
0.77313
0.78540
0.79767
0.80994
0.82221
0.83449
0.84676
0.85903
0.87130
0.88357
0.89584
0.90812
0.92039
0.93266
0.94493
0.95720
0.96948
0.98175
0.99402
1.00629
1.01856
1.03084
1.04311
1.05538
1.06765
1.07992
1.09219
1.10447
1.11674
1.12901
1.14128
1.15355
1.16583
1.17810
1.19037
1.20264
1.21491
1.22718
1.23946
1.25173
1.26400
1.27627
1.28854
1.30082
1.31309
1.32536
1.33763
1.34990
1.36217
1.37445
1.38672
1.39899
1.41126
1.42353
1.43581
1.44808
1.46035
1.47262
1.48489
1.49717
1.50944
1.52171
1.53398
1.54625
1.55852
1.57080
1.58307
1.59534
1.60761
1.61988
1.63216
1.64443
1.65670
1.66897
1.68124
1.69351
1.70579
1.71806
1.73033
1.74260
1.75487
1.76715
1.77942
1.79169
1.80396
1.81623
1.82851
1.84078
1.85305
1.86532
1.87759
1.88986
1.90214
1.91441
1.92668
1.93895
1.95122
1.96350
1.97577
1.98804
2.00031
2.01258
2.02485
2.03713
2.04940
2.06167
2.07394
2.08621
2.09849
2.11076
2.12303
2.13530
2.14757
2.15984
2.17212
2.18439
2.19666
2.20893
2.22120
2.23348
2.24575
2.25802
2.27029
2.28256
2.29484
2.30711
2.31938
2.33165
2.34392
2.35619
2.36847
2.38074
2.39301
2.40528
2.41755
2.42983
2.44210
2.45437
2.46664
2.47891
2.49118
2.50346
2.51573
2.52800
2.54027
2.55254
2.56482
2.57709
2.58936
2.60163
2.61390
2.62618
2.63845
2.65072
2.66299
2.67526
2.68753
2.69981
2.71208
2.72435
2.73662
2.74889
2.76117
2.77344
2.78571
2.79798
2.81025
2.82252
2.83480
2.84707
2.85934
2.87161
2.88388
2.89616
2.90843
2.92070
2.93297
2.94524
2.95751
2.96979
2.98206
2.99433
3.00660
3.01887
3.03115
3.04342
3.05569
3.06796
3.08023
3.09251
3.10478
3.11705
3.12932
3.14159
3.15386
3.16614
3.17841
3.19068
3.20295
3.21522
3.22750
3.23977
3.25204
3.26431
3.27658
3.28885
3.30113
3.31340
3.32567
3.33794
3.35021
3.36249
3.37476
3.38703
3.39930
3.41157
3.42385
3.43612
3.44839
3.46066
3.47293
3.48520
3.49748
3.50975
3.52202
3.53429
3.54656
3.55884
3.57111
3.58338
3.59565
3.60792
3.62019
3.63247
3.64474
3.65701
3.66928
3.68155
3.69383
3.70610
3.71837
3.73064
3.74291
3.75518
3.76746
3.77973
3.79200
3.80427
3.81654
3.82882
3.84109
3.85336
3.86563
3.87790
3.89018
3.90245
3.91472
3.92699
3.93926
3.95153
3.96381
3.97608
3.98835
4.00062
4.01289
4.02517
4.03744
4.04971
4.06198
4.07425
4.08652
4.09880
4.11107
4.12334
4.13561
4.14788
4.16016
4.17243
4.18470
4.19697
4.20924
4.22152
4.23379
4.24606
4.25833
4.27060
4.28287
4.29515
4.30742
4.31969
4.33196
4.34423
4.35651
4.36878
4.38105
4.39332
4.40559
4.41786
4.43014
4.44241
4.45468
4.46695
4.47922
4.49150
4.50377
4.51604
4.52831
4.54058
4.55285
4.56513
4.57740
4.58967
4.60194
4.61421
4.62649
4.63876
4.65103
4.66330
4.67557
4.68785
4.70012
4.71239
4.72466
4.73693
4.74920
4.76148
4.77375
4.78602
4.79829
4.81056
4.82284
4.83511
4.84738
4.85965
4.87192
4.88419
4.89647
4.90874
4.92101
4.93328
4.94555
4.95783
4.97010
4.98237
4.99464
5.00691
5.01919
5.03146
5.04373
5.05600
5.06827
5.08054
5.09282
5.10509
5.11736
5.12963
5.14190
5.15418
5.16645
5.17872
5.19099
5.20326
5.21553
5.22781
5.24008
5.25235
5.26462
5.27689
5.28917
5.30144
5.31371
5.32598
5.33825
5.35052
5.36280
5.37507
5.38734
5.39961
5.41188
5.42416
5.43643
5.44870
5.46097
5.47324
5.48552
5.49779
5.51006
5.52233
5.53460
5.54687
5.55915
5.57142
5.58369
5.59596
5.60823
5.62051
5.63278
5.64505
5.65732
5.66959
5.68186
5.69414
5.70641
5.71868
5.73095
5.74322
5.75550
5.76777
5.78004
5.79231
5.80458
5.81686
5.82913
5.84140
5.85367
5.86594
5.87821
5.89049
5.90276
5.91503
5.92730
5.93957
5.95185
5.96412
5.97639
5.98866
6.00093
6.01320
6.02548
6.03775
6.05002
6.06229
6.07456
6.08684
6.09911
6.11138
6.12365
6.13592
6.14819
6.16047
6.17274
6.18501
6.19728
6.20955
6.22183
6.23410
6.24637
6.25864
6.27091
