-6.28319
-6.28012
-6.27705
-6.27398
-6.27091
-6.26785
-6.26478
-6.26171
-6.25864
-6.25557
-6.25251
-6.24944
-6.24637
-6.24330
-6.24023
-6.23717
-6.23410
-6.23103
-6.22796
-6.22489
-6.22183
-6.21876
-6.21569
-6.21262
-6.20955
-6.20649
-6.20342
-6.20035
-6.19728
-6.19421
-6.19115
-6.18808
-6.18501
-6.18194
-6.17887
-6.17581
-6.17274
-6.16967
-6.16660
-6.16353
-6.16047
-6.15740
-6.15433
-6.15126
-6.14819
-6.14513
-6.14206
-6.13899
-6.13592
-6.13286
-6.12979
-6.12672
-6.12365
-6.12058
-6.11752
-6.11445
-6.11138
-6.10831
-6.10524
-6.10218
-6.09911
-6.09604
-6.09297
-6.08990
-6.08684
-6.08377
-6.08070
-6.07763
-6.07456
-6.07150
-6.06843
-6.06536
-6.06229
-6.05922
-6.05616
-6.05309
-6.05002
-6.04695
-6.04388
-6.04082
-6.03775
-6.03468
-6.03161
-6.02854
-6.02548
-6.02241
-6.01934
-6.01627
-6.01320
-6.01014
-6.00707
-6.00400
-6.00093
-5.99786
-5.99480
-5.99173
-5.98866
-5.98559
-5.98253
-5.97946
-5.97639
-5.97332
-5.97025
-5.96719
-5.96412
-5.96105
-5.95798
-5.95491
-5.95185
-5.94878
-5.94571
-5.94264
-5.93957
-5.93651
-5.93344
-5.93037
-5.92730
-5.92423
-5.92117
-5.91810
-5.91503
-5.91196
-5.90889
-5.90583
-5.90276
-5.89969
-5.89662
-5.89355
-5.89049
-5.88742
-5.88435
-5.88128
-5.87821
-5.87515
-5.87208
-5.86901
-5.86594
-5.86287
-5.85981
-5.85674
-5.85367
-5.85060
-5.84753
-5.84447
-5.84140
-5.83833
-5.83526
-5.83219
-5.82913
-5.82606
-5.82299
-5.81992
-5.81686
-5.81379
-5.81072
-5.80765
-5.80458
-5.80152
-5.79845
-5.79538
-5.79231
-5.78924
-5.78618
-5.78311
-5.78004
-5.77697
-5.77390
-5.77084
-5.76777
-5.76470
-5.76163
-5.75856
-5.75550
-5.75243
-5.74936
-5.74629
-5.74322
-5.74016
-5.73709
-5.73402
-5.73095
-5.72788
-5.72482
-5.72175
-5.71868
-5.71561
-5.71254
-5.70948
-5.70641
-5.70334
-5.70027
-5.69720
-5.69414
-5.69107
-5.68800
-5.68493
-5.68186
-5.67880
-5.67573
-5.67266
-5.66959
-5.66653
-5.66346
-5.66039
-5.65732
-5.65425
-5.65119
-5.64812
-5.64505
-5.64198
-5.63891
-5.63585
-5.63278
-5.62971
-5.62664
-5.62357
-5.62051
-5.61744
-5.61437
-5.61130
-5.60823
-5.60517
-5.60210
-5.59903
-5.59596
-5.59289
-5.58983
-5.58676
-5.58369
-5.58062
-5.57755
-5.57449
-5.57142
-5.56835
-5.56528
-5.56221
-5.55915
-5.55608
-5.55301
-5.54994
-5.54687
-5.54381
-5.54074
-5.53767
-5.53460
-5.53153
-5.52847
-5.52540
-5.52233
-5.51926
-5.51619
-5.51313
-5.51006
-5.50699
-5.50392
-5.50086
-5.49779
-5.49472
-5.49165
-5.48858
-5.48552
-5.48245
-5.47938
-5.47631
-5.47324
-5.47018
-5.46711
-5.46404
-5.46097
-5.45790
-5.45484
-5.45177
-5.44870
-5.44563
-5.44256
-5.43950
-5.43643
-5.43336
-5.43029
-5.42722
-5.42416
-5.42109
-5.41802
-5.41495
-5.41188
-5.40882
-5.40575
-5.40268
-5.39961
-5.39654
-5.39348
-5.39041
-5.38734
-5.38427
-5.38120
-5.37814
-5.37507
-5.37200
-5.36893
-5.36586
-5.36280
-5.35973
-5.35666
-5.35359
-5.35052
-5.34746
-5.34439
-5.34132
-5.33825
-5.33519
-5.33212
-5.32905
-5.32598
-5.32291
-5.31985
-5.31678
-5.31371
-5.31064
-5.30757
-5.30451
-5.30144
-5.29837
-5.29530
-5.29223
-5.28917
-5.28610
-5.28303
-5.27996
-5.27689
-5.27383
-5.27076
-5.26769
-5.26462
-5.26155
-5.25849
-5.25542
-5.25235
-5.24928
-5.24621
-5.24315
-5.24008
-5.23701
-5.23394
-5.23087
-5.22781
-5.22474
-5.22167
-5.21860
-5.21553
-5.21247
-5.20940
-5.20633
-5.20326
-5.20019
-5.19713
-5.19406
-5.19099
-5.18792
-5.18486
-5.18179
-5.17872
-5.17565
-5.17258
-5.16952
-5.16645
-5.16338
-5.16031
-5.15724
-5.15418
-5.15111
-5.14804
-5.14497
-5.14190
-5.13884
-5.13577
-5.13270
-5.12963
-5.12656
-5.12350
-5.12043
-5.11736
-5.11429
-5.11122
-5.10816
-5.10509
-5.10202
-5.09895
-5.09588
-5.09282
-5.08975
-5.08668
-5.08361
-5.08054
-5.07748
-5.07441
-5.07134
-5.06827
-5.06520
-5.06214
-5.05907
-5.05600
-5.05293
-5.04986
-5.04680
-5.04373
-5.04066
-5.03759
-5.03452
-5.03146
-5.02839
-5.02532
-5.02225
-5.01919
-5.01612
-5.01305
-5.00998
-5.00691
-5.00385
-5.00078
-4.99771
-4.99464
-4.99157
-4.98851
-4.98544
-4.98237
-4.97930
-4.97623
-4.97317
-4.97010
-4.96703
-4.96396
-4.96089
-4.95783
-4.95476
-4.95169
-4.94862
-4.94555
-4.94249
-4.93942
-4.93635
-4.93328
-4.93021
-4.92715
-4.92408
-4.92101
-4.91794
-4.91487
-4.91181
-4.90874
-4.90567
-4.90260
-4.89953
-4.89647
-4.89340
-4.89033
-4.88726
-4.88419
-4.88113
-4.87806
-4.87499
-4.87192
-4.86886
-4.86579
-4.86272
-4.85965
-4.85658
-4.85352
-4.85045
-4.84738
-4.84431
-4.84124
-4.83818
-4.83511
-4.83204
-4.82897
-4.82590
-4.82284
-4.81977
-4.81670
-4.81363
-4.81056
-4.80750
-4.80443
-4.80136
-4.79829
-4.79522
-4.79216
-4.78909
-4.78602
-4.78295
-4.77988
-4.77682
-4.77375
-4.77068
-4.76761
-4.76454
-4.76148
-4.75841
-4.75534
-4.75227
-4.74920
-4.74614
-4.74307
-4.74000
-4.73693
-4.73386
-4.73080
-4.72773
-4.72466
-4.72159
-4.71852
-4.71546
-4.71239
-4.70932
-4.70625
-4.70319
-4.70012
-4.69705
-4.69398
-4.69091
-4.68785
-4.68478
-4.68171
-4.67864
-4.67557
-4.67251
-4.66944
-4.66637
-4.66330
-4.66023
-4.65717
-4.65410
-4.65103
-4.64796
-4.64489
-4.64183
-4.63876
-4.63569
-4.63262
-4.62955
-4.62649
-4.62342
-4.62035
-4.61728
-4.61421
-4.61115
-4.60808
-4.60501
-4.60194
-4.59887
-4.59581
-4.59274
-4.58967
-4.58660
-4.58353
-4.58047
-4.57740
-4.57433
-4.57126
-4.56819
-4.56513
-4.56206
-4.55899
-4.55592
-4.55285
-4.54979
-4.54672
-4.54365
-4.54058
-4.53752
-4.53445
-4.53138
-4.52831
-4.52524
-4.52218
-4.51911
-4.51604
-4.51297
-4.50990
-4.50684
-4.50377
-4.50070
-4.49763
-4.49456
-4.49150
-4.48843
-4.48536
-4.48229
-4.47922
-4.47616
-4.47309
-4.47002
-4.46695
-4.46388
-4.46082
-4.45775
-4.45468
-4.45161
-4.44854
-4.44548
-4.44241
-4.43934
-4.43627
-4.43320
-4.43014
-4.42707
-4.42400
-4.42093
-4.41786
-4.41480
-4.41173
-4.40866
-4.40559
-4.40252
-4.39946
-4.39639
-4.39332
-4.39025
-4.38719
-4.38412
-4.38105
-4.37798
-4.37491
-4.37185
-4.36878
-4.36571
-4.36264
-4.35957
-4.35651
-4.35344
-4.35037
-4.34730
-4.34423
-4.34117
-4.33810
-4.33503
-4.33196
-4.32889
-4.32583
-4.32276
-4.31969
-4.31662
-4.31355
-4.31049
-4.30742
-4.30435
-4.30128
-4.29821
-4.29515
-4.29208
-4.28901
-4.28594
-4.28287
-4.27981
-4.27674
-4.27367
-4.27060
-4.26753
-4.26447
-4.26140
-4.25833
-4.25526
-4.25219
-4.24913
-4.24606
-4.24299
-4.23992
-4.23685
-4.23379
-4.23072
-4.22765
-4.22458
-4.22152
-4.21845
-4.21538
-4.21231
-4.20924
-4.20618
-4.20311
-4.20004
-4.19697
-4.19390
-4.19084
-4.18777
-4.18470
-4.18163
-4.17856
-4.17550
-4.17243
-4.16936
-4.16629
-4.16322
-4.16016
-4.15709
-4.15402
-4.15095
-4.14788
-4.14482
-4.14175
-4.13868
-4.13561
-4.13254
-4.12948
-4.12641
-4.12334
-4.12027
-4.11720
-4.11414
-4.11107
-4.10800
-4.10493
-4.10186
-4.09880
-4.09573
-4.09266
-4.08959
-4.08652
-4.08346
-4.08039
-4.07732
-4.07425
-4.07119
-4.06812
-4.06505
-4.06198
-4.05891
-4.05585
-4.05278
-4.04971
-4.04664
-4.04357
-4.04051
-4.03744
-4.03437
-4.03130
-4.02823
-4.02517
-4.02210
-4.01903
-4.01596
-4.01289
-4.00983
-4.00676
-4.00369
-4.00062
-3.99755
-3.99449
-3.99142
-3.98835
-3.98528
-3.98221
-3.97915
-3.97608
-3.97301
-3.96994
-3.96687
-3.96381
-3.96074
-3.95767
-3.95460
-3.95153
-3.94847
-3.94540
-3.94233
-3.93926
-3.93619
-3.93313
-3.93006
-3.92699
-3.92392
-3.92085
-3.91779
-3.91472
-3.91165
-3.90858
-3.90552
-3.90245
-3.89938
-3.89631
-3.89324
-3.89018
-3.88711
-3.88404
-3.88097
-3.87790
-3.87484
-3.87177
-3.86870
-3.86563
-3.86256
-3.85950
-3.85643
-3.85336
-3.85029
-3.84722
-3.84416
-3.84109
-3.83802
-3.83495
-3.83188
-3.82882
-3.82575
-3.82268
-3.81961
-3.81654
-3.81348
-3.81041
-3.80734
-3.80427
-3.80120
-3.79814
-3.79507
-3.79200
-3.78893
-3.78586
-3.78280
-3.77973
-3.77666
-3.77359
-3.77052
-3.76746
-3.76439
-3.76132
-3.75825
-3.75518
-3.75212
-3.74905
-3.74598
-3.74291
-3.73985
-3.73678
-3.73371
-3.73064
-3.72757
-3.72451
-3.72144
-3.71837
-3.71530
-3.71223
-3.70917
-3.70610
-3.70303
-3.69996
-3.69689
-3.69383
-3.69076
-3.68769
-3.68462
-3.68155
-3.67849
-3.67542
-3.67235
-3.66928
-3.66621
-3.66315
-3.66008
-3.65701
-3.65394
-3.65087
-3.64781
-3.64474
-3.64167
-3.63860
-3.63553
-3.63247
-3.62940
-3.62633
-3.62326
-3.62019
-3.61713
-3.61406
-3.61099
-3.60792
-3.60485
-3.60179
-3.59872
-3.59565
-3.59258
-3.58952
-3.58645
-3.58338
-3.58031
-3.57724
-3.57418
-3.57111
-3.56804
-3.56497
-3.56190
-3.55884
-3.55577
-3.55270
-3.54963
-3.54656
-3.54350
-3.54043
-3.53736
-3.53429
-3.53122
-3.52816
-3.52509
-3.52202
-3.51895
-3.51588
-3.51282
-3.50975
-3.50668
-3.50361
-3.50054
-3.49748
-3.49441
-3.49134
-3.48827
-3.48520
-3.48214
-3.47907
-3.47600
-3.47293
-3.46986
-3.46680
-3.46373
-3.46066
-3.45759
-3.45452
-3.45146
-3.44839
-3.44532
-3.44225
-3.43918
-3.43612
-3.43305
-3.42998
-3.42691
-3.42385
-3.42078
-3.41771
-3.41464
-3.41157
-3.40851
-3.40544
-3.40237
-3.39930
-3.39623
-3.39317
-3.39010
-3.38703
-3.38396
-3.38089
-3.37783
-3.37476
-3.37169
-3.36862
-3.36555
-3.36249
-3.35942
-3.35635
-3.35328
-3.35021
-3.34715
-3.34408
-3.34101
-3.33794
-3.33487
-3.33181
-3.32874
-3.32567
-3.32260
-3.31953
-3.31647
-3.31340
-3.31033
-3.30726
-3.30419
-3.30113
-3.29806
-3.29499
-3.29192
-3.28885
-3.28579
-3.28272
-3.27965
-3.27658
-3.27352
-3.27045
-3.26738
-3.26431
-3.26124
-3.25818
-3.25511
-3.25204
-3.24897
-3.24590
-3.24284
-3.23977
-3.23670
-3.23363
-3.23056
-3.22750
-3.22443
-3.22136
-3.21829
-3.21522
-3.21216
-3.20909
-3.20602
-3.20295
-3.19988
-3.19682
-3.19375
-3.19068
-3.18761
-3.18454
-3.18148
-3.17841
-3.17534
-3.17227
-3.16920
-3.16614
-3.16307
-3.16000
-3.15693
-3.15386
-3.15080
-3.14773
-3.14466
-3.14159
-3.13852
-3.13546
-3.13239
-3.12932
-3.12625
-3.12318
-3.12012
-3.11705
-3.11398
-3.11091
-3.10785
-3.10478
-3.10171
-3.09864
-3.09557
-3.09251
-3.08944
-3.08637
-3.08330
-3.08023
-3.07717
-3.07410
-3.07103
-3.06796
-3.06489
-3.06183
-3.05876
-3.05569
-3.05262
-3.04955
-3.04649
-3.04342
-3.04035
-3.03728
-3.03421
-3.03115
-3.02808
-3.02501
-3.02194
-3.01887
-3.01581
-3.01274
-3.00967
-3.00660
-3.00353
-3.00047
-2.99740
-2.99433
-2.99126
-2.98819
-2.98513
-2.98206
-2.97899
-2.97592
-2.97285
-2.96979
-2.96672
-2.96365
-2.96058
-2.95751
-2.95445
-2.95138
-2.94831
-2.94524
-2.94218
-2.93911
-2.93604
-2.93297
-2.92990
-2.92684
-2.92377
-2.92070
-2.91763
-2.91456
-2.91150
-2.90843
-2.90536
-2.90229
-2.89922
-2.89616
-2.89309
-2.89002
-2.88695
-2.88388
-2.88082
-2.87775
-2.87468
-2.87161
-2.86854
-2.86548
-2.86241
-2.85934
-2.85627
-2.85320
-2.85014
-2.84707
-2.84400
-2.84093
-2.83786
-2.83480
-2.83173
-2.82866
-2.82559
-2.82252
-2.81946
-2.81639
-2.81332
-2.81025
-2.80718
-2.80412
-2.80105
-2.79798
-2.79491
-2.79185
-2.78878
-2.78571
-2.78264
-2.77957
-2.77651
-2.77344
-2.77037
-2.76730
-2.76423
-2.76117
-2.75810
-2.75503
-2.75196
-2.74889
-2.74583
-2.74276
-2.73969
-2.73662
-2.73355
-2.73049
-2.72742
-2.72435
-2.72128
-2.71821
-2.71515
-2.71208
-2.70901
-2.70594
-2.70287
-2.69981
-2.69674
-2.69367
-2.69060
-2.68753
-2.68447
-2.68140
-2.67833
-2.67526
-2.67219
-2.66913
-2.66606
-2.66299
-2.65992
-2.65685
-2.65379
-2.65072
-2.64765
-2.64458
-2.64151
-2.63845
-2.63538
-2.63231
-2.62924
-2.62618
-2.62311
-2.62004
-2.61697
-2.61390
-2.61084
-2.60777
-2.60470
-2.60163
-2.59856
-2.59550
-2.59243
-2.58936
-2.58629
-2.58322
-2.58016
-2.57709
-2.57402
-2.57095
-2.56788
-2.56482
-2.56175
-2.55868
-2.55561
-2.55254
-2.54948
-2.54641
-2.54334
-2.54027
-2.53720
-2.53414
-2.53107
-2.52800
-2.52493
-2.52186
-2.51880
-2.51573
-2.51266
-2.50959
-2.50652
-2.50346
-2.50039
-2.49732
-2.49425
-2.49118
-2.48812
-2.48505
-2.48198
-2.47891
-2.47584
-2.47278
-2.46971
-2.46664
-2.46357
-2.46051
-2.45744
-2.45437
-2.45130
-2.44823
-2.44517
-2.44210
-2.43903
-2.43596
-2.43289
-2.42983
-2.42676
-2.42369
-2.42062
-2.41755
-2.41449
-2.41142
-2.40835
-2.40528
-2.40221
-2.39915
-2.39608
-2.39301
-2.38994
-2.38687
-2.38381
-2.38074
-2.37767
-2.37460
-2.37153
-2.36847
-2.36540
-2.36233
-2.35926
-2.35619
-2.35313
-2.35006
-2.34699
-2.34392
-2.34085
-2.33779
-2.33472
-2.33165
-2.32858
-2.32551
-2.32245
-2.31938
-2.31631
-2.31324
-2.31018
-2.30711
-2.30404
-2.30097
-2.29790
-2.29484
-2.29177
-2.28870
-2.28563
-2.28256
-2.27950
-2.27643
-2.27336
-2.27029
-2.26722
-2.26416
-2.26109
-2.25802
-2.25495
-2.25188
-2.24882
-2.24575
-2.24268
-2.23961
-2.23654
-2.23348
-2.23041
-2.22734
-2.22427
-2.22120
-2.21814
-2.21507
-2.21200
-2.20893
-2.20586
-2.20280
-2.19973
-2.19666
-2.19359
-2.19052
-2.18746
-2.18439
-2.18132
-2.17825
-2.17518
-2.17212
-2.16905
-2.16598
-2.16291
-2.15984
-2.15678
-2.15371
-2.15064
-2.14757
-2.14451
-2.14144
-2.13837
-2.13530
-2.13223
-2.12917
-2.12610
-2.12303
-2.11996
-2.11689
-2.11383
-2.11076
-2.10769
-2.10462
-2.10155
-2.09849
-2.09542
-2.09235
-2.08928
-2.08621
-2.08315
-2.08008
-2.07701
-2.07394
-2.07087
-2.06781
-2.06474
-2.06167
-2.05860
-2.05553
-2.05247
-2.04940
-2.04633
-2.04326
-2.04019
-2.03713
-2.03406
-2.03099
-2.02792
-2.02485
-2.02179
-2.01872
-2.01565
-2.01258
-2.00951
-2.00645
-2.00338
-2.00031
-1.99724
-1.99418
-1.99111
-1.98804
-1.98497
-1.98190
-1.97884
-1.97577
-1.97270
-1.96963
-1.96656
-1.96350
-1.96043
-1.95736
-1.95429
-1.95122
-1.94816
-1.94509
-1.94202
-1.93895
-1.93588
-1.93282
-1.92975
-1.92668
-1.92361
-1.92054
-1.91748
-1.91441
-1.91134
-1.90827
-1.90520
-1.90214
-1.89907
-1.89600
-1.89293
-1.88986
-1.88680
-1.88373
-1.88066
-1.87759
-1.87452
-1.87146
-1.86839
-1.86532
-1.86225
-1.85918
-1.85612
-1.85305
-1.84998
-1.84691
-1.84384
-1.84078
-1.83771
-1.83464
-1.83157
-1.82851
-1.82544
-1.82237
-1.81930
-1.81623
-1.81317
-1.81010
-1.80703
-1.80396
-1.80089
-1.79783
-1.79476
-1.79169
-1.78862
-1.78555
-1.78249
-1.77942
-1.77635
-1.77328
-1.77021
-1.76715
-1.76408
-1.76101
-1.75794
-1.75487
-1.75181
-1.74874
-1.74567
-1.74260
-1.73953
-1.73647
-1.73340
-1.73033
-1.72726
-1.72419
-1.72113
-1.71806
-1.71499
-1.71192
-1.70885
-1.70579
-1.70272
-1.69965
-1.69658
-1.69351
-1.69045
-1.68738
-1.68431
-1.68124
-1.67817
-1.67511
-1.67204
-1.66897
-1.66590
-1.66284
-1.65977
-1.65670
-1.65363
-1.65056
-1.64750
-1.64443
-1.64136
-1.63829
-1.63522
-1.63216
-1.62909
-1.62602
-1.62295
-1.61988
-1.61682
-1.61375
-1.61068
-1.60761
-1.60454
-1.60148
-1.59841
-1.59534
-1.59227
-1.58920
-1.58614
-1.58307
-1.58000
-1.57693
-1.57386
-1.57080
-1.56773
-1.56466
-1.56159
-1.55852
-1.55546
-1.55239
-1.54932
-1.54625
-1.54318
-1.54012
-1.53705
-1.53398
-1.53091
-1.52784
-1.52478
-1.52171
-1.51864
-1.51557
-1.51251
-1.50944
-1.50637
-1.50330
-1.50023
-1.49717
-1.49410
-1.49103
-1.48796
-1.48489
-1.48183
-1.47876
-1.47569
-1.47262
-1.46955
-1.46649
-1.46342
-1.46035
-1.45728
-1.45421
-1.45115
-1.44808
-1.44501
-1.44194
-1.43887
-1.43581
-1.43274
-1.42967
-1.42660
-1.42353
-1.42047
-1.41740
-1.41433
-1.41126
-1.40819
-1.40513
-1.40206
-1.39899
-1.39592
-1.39285
-1.38979
-1.38672
-1.38365
-1.38058
-1.37751
-1.37445
-1.37138
-1.36831
-1.36524
-1.36217
-1.35911
-1.35604
-1.35297
-1.34990
-1.34684
-1.34377
-1.34070
-1.33763
-1.33456
-1.33150
-1.32843
-1.32536
-1.32229
-1.31922
-1.31616
-1.31309
-1.31002
-1.30695
-1.30388
-1.30082
-1.29775
-1.29468
-1.29161
-1.28854
-1.28548
-1.28241
-1.27934
-1.27627
-1.27320
-1.27014
-1.26707
-1.26400
-1.26093
-1.25786
-1.25480
-1.25173
-1.24866
-1.24559
-1.24252
-1.23946
-1.23639
-1.23332
-1.23025
-1.22718
-1.22412
-1.22105
-1.21798
-1.21491
-1.21184
-1.20878
-1.20571
-1.20264
-1.19957
-1.19651
-1.19344
-1.19037
-1.18730
-1.18423
-1.18117
-1.17810
-1.17503
-1.17196
-1.16889
-1.16583
-1.16276
-1.15969
-1.15662
-1.15355
-1.15049
-1.14742
-1.14435
-1.14128
-1.13821
-1.13515
-1.13208
-1.12901
-1.12594
-1.12287
-1.11981
-1.11674
-1.11367
-1.11060
-1.10753
-1.10447
-1.10140
-1.09833
-1.09526
-1.09219
-1.08913
-1.08606
-1.08299
-1.07992
-1.07685
-1.07379
-1.07072
-1.06765
-1.06458
-1.06151
-1.05845
-1.05538
-1.05231
-1.04924
-1.04617
-1.04311
-1.04004
-1.03697
-1.03390
-1.03084
-1.02777
-1.02470
-1.02163
-1.01856
-1.01550
-1.01243
-1.00936
-1.00629
-1.00322
-1.00016
-0.99709
-0.99402
-0.99095
-0.98788
-0.98482
-0.98175
-0.97868
-0.97561
-0.97254
-0.96948
-0.96641
-0.96334
-0.96027
-0.95720
-0.95414
-0.95107
-0.94800
-0.94493
-0.94186
-0.93880
-0.93573
-0.93266
-0.92959
-0.92652
-0.92346
-0.92039
-0.91732
-0.91425
-0.91118
-0.90812
-0.90505
-0.90198
-0.89891
-0.89584
-0.89278
-0.88971
-0.88664
-0.88357
-0.88050
-0.87744
-0.87437
-0.87130
-0.86823
-0.86517
-0.86210
-0.85903
-0.85596
-0.85289
-0.84983
-0.84676
-0.84369
-0.84062
-0.83755
-0.83449
-0.83142
-0.82835
-0.82528
-0.82221
-0.81915
-0.81608
-0.81301
-0.80994
-0.80687
-0.80381
-0.80074
-0.79767
-0.79460
-0.79153
-0.78847
-0.78540
-0.78233
-0.77926
-0.77619
-0.77313
-0.77006
-0.76699
-0.76392
-0.76085
-0.75779
-0.75472
-0.75165
-0.74858
-0.74551
-0.74245
-0.73938
-0.73631
-0.73324
-0.73017
-0.72711
-0.72404
-0.72097
-0.71790
-0.71484
-0.71177
-0.70870
-0.70563
-0.70256
-0.69950
-0.69643
-0.69336
-0.69029
-0.68722
-0.68416
-0.68109
-0.67802
-0.67495
-0.67188
-0.66882
-0.66575
-0.66268
-0.65961
-0.65654
-0.65348
-0.65041
-0.64734
-0.64427
-0.64120
-0.63814
-0.63507
-0.63200
-0.62893
-0.62586
-0.62280
-0.61973
-0.61666
-0.61359
-0.61052
-0.60746
-0.60439
-0.60132
-0.59825
-0.59518
-0.59212
-0.58905
-0.58598
-0.58291
-0.57984
-0.57678
-0.57371
-0.57064
-0.56757
-0.56450
-0.56144
-0.55837
-0.55530
-0.55223
-0.54917
-0.54610
-0.54303
-0.53996
-0.53689
-0.53383
-0.53076
-0.52769
-0.52462
-0.52155
-0.51849
-0.51542
-0.51235
-0.50928
-0.50621
-0.50315
-0.50008
-0.49701
-0.49394
-0.49087
-0.48781
-0.48474
-0.48167
-0.47860
-0.47553
-0.47247
-0.46940
-0.46633
-0.46326
-0.46019
-0.45713
-0.45406
-0.45099
-0.44792
-0.44485
-0.44179
-0.43872
-0.43565
-0.43258
-0.42951
-0.42645
-0.42338
-0.42031
-0.41724
-0.41417
-0.41111
-0.40804
-0.40497
-0.40190
-0.39884
-0.39577
-0.39270
-0.38963
-0.38656
-0.38350
-0.38043
-0.37736
-0.37429
-0.37122
-0.36816
-0.36509
-0.36202
-0.35895
-0.35588
-0.35282
-0.34975
-0.34668
-0.34361
-0.34054
-0.33748
-0.33441
-0.33134
-0.32827
-0.32520
-0.32214
-0.31907
-0.31600
-0.31293
-0.30986
-0.30680
-0.30373
-0.30066
-0.29759
-0.29452
-0.29146
-0.28839
-0.28532
-0.28225
-0.27918
-0.27612
-0.27305
-0.26998
-0.26691
-0.26384
-0.26078
-0.25771
-0.25464
-0.25157
-0.24850
-0.24544
-0.24237
-0.23930
-0.23623
-0.23317
-0.23010
-0.22703
-0.22396
-0.22089
-0.21783
-0.21476
-0.21169
-0.20862
-0.20555
-0.20249
-0.19942
-0.19635
-0.19328
-0.19021
-0.18715
-0.18408
-0.18101
-0.17794
-0.17487
-0.17181
-0.16874
-0.16567
-0.16260
-0.15953
-0.15647
-0.15340
-0.15033
-0.14726
-0.14419
-0.14113
-0.13806
-0.13499
-0.13192
-0.12885
-0.12579
-0.12272
-0.11965
-0.11658
-0.11351
-0.11045
-0.10738
-0.10431
-0.10124
-0.09817
-0.09511
-0.09204
-0.08897
-0.08590
-0.08283
-0.07977
-0.07670
-0.07363
-0.07056
-0.06750
-0.06443
-0.06136
-0.05829
-0.05522
-0.05216
-0.04909
-0.04602
-0.04295
-0.03988
-0.03682
-0.03375
-0.03068
-0.02761
-0.02454
-0.02148
-0.01841
-0.01534
-0.01227
-0.00920
-0.00614
-0.00307
0.00000
0.00307
0.00614
0.00920
0.01227
0.01534
0.01841
0.02148
0.02454
0.02761
0.03068
0.03375
0.03682
0.03988
0.04295
0.04602
0.04909
0.05216
0.05522
0.05829
0.06136
0.06443
0.06750
0.07056
0.07363
0.07670
0.07977
0.08283
0.08590
0.08897
0.09204
0.09511
0.09817
0.10124
0.10431
0.10738
0.11045
0.11351
0.11658
0.11965
0.12272
0.12579
0.12885
0.13192
0.13499
0.13806
0.14113
0.14419
0.14726
0.15033
0.15340
0.15647
0.15953
0.16260
0.16567
0.16874
0.17181
0.17487
0.17794
0.18101
0.18408
0.18715
0.19021
0.19328
0.19635
0.19942
0.20249
0.20555
0.20862
0.21169
0.21476
0.21783
0.22089
0.22396
0.22703
0.23010
0.23317
0.23623
0.23930
0.24237
0.24544
0.24850
0.25157
0.25464
0.25771
0.26078
0.26384
0.26691
0.26998
0.27305
0.27612
0.27918
0.28225
0.28532
0.28839
0.29146
0.29452
0.29759
0.30066
0.30373
0.30680
0.30986
0.31293
0.31600
0.31907
0.32214
0.32520
0.32827
0.33134
0.33441
0.33748
0.34054
0.34361
0.34668
0.34975
0.35282
0.35588
0.35895
0.36202
0.36509
0.36816
0.37122
0.37429
0.37736
0.38043
0.38350
0.38656
0.38963
0.39270
0.39577
0.39884
0.40190
0.40497
0.40804
0.41111
0.41417
0.41724
0.42031
0.42338
0.42645
0.42951
0.43258
0.43565
0.43872
0.44179
0.44485
0.44792
0.45099
0.45406
0.45713
0.46019
0.46326
0.46633
0.46940
0.47247
0.47553
0.47860
0.48167
0.48474
0.48781
0.49087
0.49394
0.49701
0.50008
0.50315
0.50621
0.50928
0.51235
0.51542
0.51849
0.52155
0.52462
0.52769
0.53076
0.53383
0.53689
0.53996
0.54303
0.54610
0.54917
0.55223
0.55530
0.55837
0.56144
0.56450
0.56757
0.57064
0.57371
0.57678
0.57984
0.58291
0.58598
0.58905
0.59212
0.59518
0.59825
0.60132
0.60439
0.60746
0.61052
0.61359
0.61666
0.61973
0.62280
0.62586
0.62893
0.63200
0.63507
0.63814
0.64120
0.64427
0.64734
0.65041
0.65348
0.65654
0.65961
0.66268
0.66575
0.66882
0.67188
0.67495
0.67802
0.68109
0.68416
0.68722
0.69029
0.69336
0.69643
0.69950
0.70256
0.70563
0.70870
0.71177
0.71484
0.71790
0.72097
0.72404
0.72711
0.73017
0.73324
0.73631
0.73938
0.74245
0.74551
0.74858
0.75165
0.75472
0.75779
0.76085
0.76392
0.76699
0.77006
0.77313
0.77619
0.77926
0.78233
0.78540
0.78847
0.79153
0.79460
0.79767
0.80074
0.80381
0.80687
0.80994
0.81301
0.81608
0.81915
0.82221
0.82528
0.82835
0.83142
0.83449
0.83755
0.84062
0.84369
0.84676
0.84983
0.85289
0.85596
0.85903
0.86210
0.86517
0.86823
0.87130
0.87437
0.87744
0.88050
0.88357
0.88664
0.88971
0.89278
0.89584
0.89891
0.90198
0.90505
0.90812
0.91118
0.91425
0.91732
0.92039
0.92346
0.92652
0.92959
0.93266
0.93573
0.93880
0.94186
0.94493
0.94800
0.95107
0.95414
0.95720
0.96027
0.96334
0.96641
0.96948
0.97254
0.97561
0.97868
0.98175
0.98482
0.98788
0.99095
0.99402
0.99709
1.00016
1.00322
1.00629
1.00936
1.01243
1.01550
1.01856
1.02163
1.02470
1.02777
1.03084
1.03390
1.03697
1.04004
1.04311
1.04617
1.04924
1.05231
1.05538
1.05845
1.06151
1.06458
1.06765
1.07072
1.07379
1.07685
1.07992
1.08299
1.08606
1.08913
1.09219
1.09526
1.09833
1.10140
1.10447
1.10753
1.11060
1.11367
1.11674
1.11981
1.12287
1.12594
1.12901
1.13208
1.13515
1.13821
1.14128
1.14435
1.14742
1.15049
1.15355
1.15662
1.15969
1.16276
1.16583
1.16889
1.17196
1.17503
1.17810
1.18117
1.18423
1.18730
1.19037
1.19344
1.19651
1.19957
1.20264
1.20571
1.20878
1.21184
1.21491
1.21798
1.22105
1.22412
1.22718
1.23025
1.23332
1.23639
1.23946
1.24252
1.24559
1.24866
1.25173
1.25480
1.25786
1.26093
1.26400
1.26707
1.27014
1.27320
1.27627
1.27934
1.28241
1.28548
1.28854
1.29161
1.29468
1.29775
1.30082
1.30388
1.30695
1.31002
1.31309
1.31616
1.31922
1.32229
1.32536
1.32843
1.33150
1.33456
1.33763
1.34070
1.34377
1.34684
1.34990
1.35297
1.35604
1.35911
1.36217
1.36524
1.36831
1.37138
1.37445
1.37751
1.38058
1.38365
1.38672
1.38979
1.39285
1.39592
1.39899
1.40206
1.40513
1.40819
1.41126
1.41433
1.41740
1.42047
1.42353
1.42660
1.42967
1.43274
1.43581
1.43887
1.44194
1.44501
1.44808
1.45115
1.45421
1.45728
1.46035
1.46342
1.46649
1.46955
1.47262
1.47569
1.47876
1.48183
1.48489
1.48796
1.49103
1.49410
1.49717
1.50023
1.50330
1.50637
1.50944
1.51251
1.51557
1.51864
1.52171
1.52478
1.52784
1.53091
1.53398
1.53705
1.54012
1.54318
1.54625
1.54932
1.55239
1.55546
1.55852
1.56159
1.56466
1.56773
1.57080
1.57386
1.57693
1.58000
1.58307
1.58614
1.58920
1.59227
1.59534
1.59841
1.60148
1.60454
1.60761
1.61068
1.61375
1.61682
1.61988
1.62295
1.62602
1.62909
1.63216
1.63522
1.63829
1.64136
1.64443
1.64750
1.65056
1.65363
1.65670
1.65977
1.66284
1.66590
1.66897
1.67204
1.67511
1.67817
1.68124
1.68431
1.68738
1.69045
1.69351
1.69658
1.69965
1.70272
1.70579
1.70885
1.71192
1.71499
1.71806
1.72113
1.72419
1.72726
1.73033
1.73340
1.73647
1.73953
1.74260
1.74567
1.74874
1.75181
1.75487
1.75794
1.76101
1.76408
1.76715
1.77021
1.77328
1.77635
1.77942
1.78249
1.78555
1.78862
1.79169
1.79476
1.79783
1.80089
1.80396
1.80703
1.81010
1.81317
1.81623
1.81930
1.82237
1.82544
1.82851
1.83157
1.83464
1.83771
1.84078
1.84384
1.84691
1.84998
1.85305
1.85612
1.85918
1.86225
1.86532
1.86839
1.87146
1.87452
1.87759
1.88066
1.88373
1.88680
1.88986
1.89293
1.89600
1.89907
1.90214
1.90520
1.90827
1.91134
1.91441
1.91748
1.92054
1.92361
1.92668
1.92975
1.93282
1.93588
1.93895
1.94202
1.94509
1.94816
1.95122
1.95429
1.95736
1.96043
1.96350
1.96656
1.96963
1.97270
1.97577
1.97884
1.98190
1.98497
1.98804
1.99111
1.99418
1.99724
2.00031
2.00338
2.00645
2.00951
2.01258
2.01565
2.01872
2.02179
2.02485
2.02792
2.03099
2.03406
2.03713
2.04019
2.04326
2.04633
2.04940
2.05247
2.05553
2.05860
2.06167
2.06474
2.06781
2.07087
2.07394
2.07701
2.08008
2.08315
2.08621
2.08928
2.09235
2.09542
2.09849
2.10155
2.10462
2.10769
2.11076
2.11383
2.11689
2.11996
2.12303
2.12610
2.12917
2.13223
2.13530
2.13837
2.14144
2.14451
2.14757
2.15064
2.15371
2.15678
2.15984
2.16291
2.16598
2.16905
2.17212
2.17518
2.17825
2.18132
2.18439
2.18746
2.19052
2.19359
2.19666
2.19973
2.20280
2.20586
2.20893
2.21200
2.21507
2.21814
2.22120
2.22427
2.22734
2.23041
2.23348
2.23654
2.23961
2.24268
2.24575
2.24882
2.25188
2.25495
2.25802
2.26109
2.26416
2.26722
2.27029
2.27336
2.27643
2.27950
2.28256
2.28563
2.28870
2.29177
2.29484
2.29790
2.30097
2.30404
2.30711
2.31018
2.31324
2.31631
2.31938
2.32245
2.32551
2.32858
2.33165
2.33472
2.33779
2.34085
2.34392
2.34699
2.35006
2.35313
2.35619
2.35926
2.36233
2.36540
2.36847
2.37153
2.37460
2.37767
2.38074
2.38381
2.38687
2.38994
2.39301
2.39608
2.39915
2.40221
2.40528
2.40835
2.41142
2.41449
2.41755
2.42062
2.42369
2.42676
2.42983
2.43289
2.43596
2.43903
2.44210
2.44517
2.44823
2.45130
2.45437
2.45744
2.46051
2.46357
2.46664
2.46971
2.47278
2.47584
2.47891
2.48198
2.48505
2.48812
2.49118
2.49425
2.49732
2.50039
2.50346
2.50652
2.50959
2.51266
2.51573
2.51880
2.52186
2.52493
2.52800
2.53107
2.53414
2.53720
2.54027
2.54334
2.54641
2.54948
2.55254
2.55561
2.55868
2.56175
2.56482
2.56788
2.57095
2.57402
2.57709
2.58016
2.58322
2.58629
2.58936
2.59243
2.59550
2.59856
2.60163
2.60470
2.60777
2.61084
2.61390
2.61697
2.62004
2.62311
2.62618
2.62924
2.63231
2.63538
2.63845
2.64151
2.64458
2.64765
2.65072
2.65379
2.65685
2.65992
2.66299
2.66606
2.66913
2.67219
2.67526
2.67833
2.68140
2.68447
2.68753
2.69060
2.69367
2.69674
2.69981
2.70287
2.70594
2.70901
2.71208
2.71515
2.71821
2.72128
2.72435
2.72742
2.73049
2.73355
2.73662
2.73969
2.74276
2.74583
2.74889
2.75196
2.75503
2.75810
2.76117
2.76423
2.76730
2.77037
2.77344
2.77651
2.77957
2.78264
2.78571
2.78878
2.79185
2.79491
2.79798
2.80105
2.80412
2.80718
2.81025
2.81332
2.81639
2.81946
2.82252
2.82559
2.82866
2.83173
2.83480
2.83786
2.84093
2.84400
2.84707
2.85014
2.85320
2.85627
2.85934
2.86241
2.86548
2.86854
2.87161
2.87468
2.87775
2.88082
2.88388
2.88695
2.89002
2.89309
2.89616
2.89922
2.90229
2.90536
2.90843
2.91150
2.91456
2.91763
2.92070
2.92377
2.92684
2.92990
2.93297
2.93604
2.93911
2.94218
2.94524
2.94831
2.95138
2.95445
2.95751
2.96058
2.96365
2.96672
2.96979
2.97285
2.97592
2.97899
2.98206
2.98513
2.98819
2.99126
2.99433
2.99740
3.00047
3.00353
3.00660
3.00967
3.01274
3.01581
3.01887
3.02194
3.02501
3.02808
3.03115
3.03421
3.03728
3.04035
3.04342
3.04649
3.04955
3.05262
3.05569
3.05876
3.06183
3.06489
3.06796
3.07103
3.07410
3.07717
3.08023
3.08330
3.08637
3.08944
3.09251
3.09557
3.09864
3.10171
3.10478
3.10785
3.11091
3.11398
3.11705
3.12012
3.12318
3.12625
3.12932
3.13239
3.13546
3.13852
3.14159
3.14466
3.14773
3.15080
3.15386
3.15693
3.16000
3.16307
3.16614
3.16920
3.17227
3.17534
3.17841
3.18148
3.18454
3.18761
3.19068
3.19375
3.19682
3.19988
3.20295
3.20602
3.20909
3.21216
3.21522
3.21829
3.22136
3.22443
3.22750
3.23056
3.23363
3.23670
3.23977
3.24284
3.24590
3.24897
3.25204
3.25511
3.25818
3.26124
3.26431
3.26738
3.27045
3.27352
3.27658
3.27965
3.28272
3.28579
3.28885
3.29192
3.29499
3.29806
3.30113
3.30419
3.30726
3.31033
3.31340
3.31647
3.31953
3.32260
3.32567
3.32874
3.33181
3.33487
3.33794
3.34101
3.34408
3.34715
3.35021
3.35328
3.35635
3.35942
3.36249
3.36555
3.36862
3.37169
3.37476
3.37783
3.38089
3.38396
3.38703
3.39010
3.39317
3.39623
3.39930
3.40237
3.40544
3.40851
3.41157
3.41464
3.41771
3.42078
3.42385
3.42691
3.42998
3.43305
3.43612
3.43918
3.44225
3.44532
3.44839
3.45146
3.45452
3.45759
3.46066
3.46373
3.46680
3.46986
3.47293
3.47600
3.47907
3.48214
3.48520
3.48827
3.49134
3.49441
3.49748
3.50054
3.50361
3.50668
3.50975
3.51282
3.51588
3.51895
3.52202
3.52509
3.52816
3.53122
3.53429
3.53736
3.54043
3.54350
3.54656
3.54963
3.55270
3.55577
3.55884
3.56190
3.56497
3.56804
3.57111
3.57418
3.57724
3.58031
3.58338
3.58645
3.58952
3.59258
3.59565
3.59872
3.60179
3.60485
3.60792
3.61099
3.61406
3.61713
3.62019
3.62326
3.62633
3.62940
3.63247
3.63553
3.63860
3.64167
3.64474
3.64781
3.65087
3.65394
3.65701
3.66008
3.66315
3.66621
3.66928
3.67235
3.67542
3.67849
3.68155
3.68462
3.68769
3.69076
3.69383
3.69689
3.69996
3.70303
3.70610
3.70917
3.71223
3.71530
3.71837
3.72144
3.72451
3.72757
3.73064
3.73371
3.73678
3.73985
3.74291
3.74598
3.74905
3.75212
3.75518
3.75825
3.76132
3.76439
3.76746
3.77052
3.77359
3.77666
3.77973
3.78280
3.78586
3.78893
3.79200
3.79507
3.79814
3.80120
3.80427
3.80734
3.81041
3.81348
3.81654
3.81961
3.82268
3.82575
3.82882
3.83188
3.83495
3.83802
3.84109
3.84416
3.84722
3.85029
3.85336
3.85643
3.85950
3.86256
3.86563
3.86870
3.87177
3.87484
3.87790
3.88097
3.88404
3.88711
3.89018
3.89324
3.89631
3.89938
3.90245
3.90552
3.90858
3.91165
3.91472
3.91779
3.92085
3.92392
3.92699
3.93006
3.93313
3.93619
3.93926
3.94233
3.94540
3.94847
3.95153
3.95460
3.95767
3.96074
3.96381
3.96687
3.96994
3.97301
3.97608
3.97915
3.98221
3.98528
3.98835
3.99142
3.99449
3.99755
4.00062
4.00369
4.00676
4.00983
4.01289
4.01596
4.01903
4.02210
4.02517
4.02823
4.03130
4.03437
4.03744
4.04051
4.04357
4.04664
4.04971
4.05278
4.05585
4.05891
4.06198
4.06505
4.06812
4.07119
4.07425
4.07732
4.08039
4.08346
4.08652
4.08959
4.09266
4.09573
4.09880
4.10186
4.10493
4.10800
4.11107
4.11414
4.11720
4.12027
4.12334
4.12641
4.12948
4.13254
4.13561
4.13868
4.14175
4.14482
4.14788
4.15095
4.15402
4.15709
4.16016
4.16322
4.16629
4.16936
4.17243
4.17550
4.17856
4.18163
4.18470
4.18777
4.19084
4.19390
4.19697
4.20004
4.20311
4.20618
4.20924
4.21231
4.21538
4.21845
4.22152
4.22458
4.22765
4.23072
4.23379
4.23685
4.23992
4.24299
4.24606
4.24913
4.25219
4.25526
4.25833
4.26140
4.26447
4.26753
4.27060
4.27367
4.27674
4.27981
4.28287
4.28594
4.28901
4.29208
4.29515
4.29821
4.30128
4.30435
4.30742
4.31049
4.31355
4.31662
4.31969
4.32276
4.32583
4.32889
4.33196
4.33503
4.33810
4.34117
4.34423
4.34730
4.35037
4.35344
4.35651
4.35957
4.36264
4.36571
4.36878
4.37185
4.37491
4.37798
4.38105
4.38412
4.38719
4.39025
4.39332
4.39639
4.39946
4.40252
4.40559
4.40866
4.41173
4.41480
4.41786
4.42093
4.42400
4.42707
4.43014
4.43320
4.43627
4.43934
4.44241
4.44548
4.44854
4.45161
4.45468
4.45775
4.46082
4.46388
4.46695
4.47002
4.47309
4.47616
4.47922
4.48229
4.48536
4.48843
4.49150
4.49456
4.49763
4.50070
4.50377
4.50684
4.50990
4.51297
4.51604
4.51911
4.52218
4.52524
4.52831
4.53138
4.53445
4.53752
4.54058
4.54365
4.54672
4.54979
4.55285
4.55592
4.55899
4.56206
4.56513
4.56819
4.57126
4.57433
4.57740
4.58047
4.58353
4.58660
4.58967
4.59274
4.59581
4.59887
4.60194
4.60501
4.60808
4.61115
4.61421
4.61728
4.62035
4.62342
4.62649
4.62955
4.63262
4.63569
4.63876
4.64183
4.64489
4.64796
4.65103
4.65410
4.65717
4.66023
4.66330
4.66637
4.66944
4.67251
4.67557
4.67864
4.68171
4.68478
4.68785
4.69091
4.69398
4.69705
4.70012
4.70319
4.70625
4.70932
4.71239
4.71546
4.71852
4.72159
4.72466
4.72773
4.73080
4.73386
4.73693
4.74000
4.74307
4.74614
4.74920
4.75227
4.75534
4.75841
4.76148
4.76454
4.76761
4.77068
4.77375
4.77682
4.77988
4.78295
4.78602
4.78909
4.79216
4.79522
4.79829
4.80136
4.80443
4.80750
4.81056
4.81363
4.81670
4.81977
4.82284
4.82590
4.82897
4.83204
4.83511
4.83818
4.84124
4.84431
4.84738
4.85045
4.85352
4.85658
4.85965
4.86272
4.86579
4.86886
4.87192
4.87499
4.87806
4.88113
4.88419
4.88726
4.89033
4.89340
4.89647
4.89953
4.90260
4.90567
4.90874
4.91181
4.91487
4.91794
4.92101
4.92408
4.92715
4.93021
4.93328
4.93635
4.93942
4.94249
4.94555
4.94862
4.95169
4.95476
4.95783
4.96089
4.96396
4.96703
4.97010
4.97317
4.97623
4.97930
4.98237
4.98544
4.98851
4.99157
4.99464
4.99771
5.00078
5.00385
5.00691
5.00998
5.01305
5.01612
5.01919
5.02225
5.02532
5.02839
5.03146
5.03452
5.03759
5.04066
5.04373
5.04680
5.04986
5.05293
5.05600
5.05907
5.06214
5.06520
5.06827
5.07134
5.07441
5.07748
5.08054
5.08361
5.08668
5.08975
5.09282
5.09588
5.09895
5.10202
5.10509
5.10816
5.11122
5.11429
5.11736
5.12043
5.12350
5.12656
5.12963
5.13270
5.13577
5.13884
5.14190
5.14497
5.14804
5.15111
5.15418
5.15724
5.16031
5.16338
5.16645
5.16952
5.17258
5.17565
5.17872
5.18179
5.18486
5.18792
5.19099
5.19406
5.19713
5.20019
5.20326
5.20633
5.20940
5.21247
5.21553
5.21860
5.22167
5.22474
5.22781
5.23087
5.23394
5.23701
5.24008
5.24315
5.24621
5.24928
5.25235
5.25542
5.25849
5.26155
5.26462
5.26769
5.27076
5.27383
5.27689
5.27996
5.28303
5.28610
5.28917
5.29223
5.29530
5.29837
5.30144
5.30451
5.30757
5.31064
5.31371
5.31678
5.31985
5.32291
5.32598
5.32905
5.33212
5.33519
5.33825
5.34132
5.34439
5.34746
5.35052
5.35359
5.35666
5.35973
5.36280
5.36586
5.36893
5.37200
5.37507
5.37814
5.38120
5.38427
5.38734
5.39041
5.39348
5.39654
5.39961
5.40268
5.40575
5.40882
5.41188
5.41495
5.41802
5.42109
5.42416
5.42722
5.43029
5.43336
5.43643
5.43950
5.44256
5.44563
5.44870
5.45177
5.45484
5.45790
5.46097
5.46404
5.46711
5.47018
5.47324
5.47631
5.47938
5.48245
5.48552
5.48858
5.49165
5.49472
5.49779
5.50086
5.50392
5.50699
5.51006
5.51313
5.51619
5.51926
5.52233
5.52540
5.52847
5.53153
5.53460
5.53767
5.54074
5.54381
5.54687
5.54994
5.55301
5.55608
5.55915
5.56221
5.56528
5.56835
5.57142
5.57449
5.57755
5.58062
5.58369
5.58676
5.58983
5.59289
5.59596
5.59903
5.60210
5.60517
5.60823
5.61130
5.61437
5.61744
5.62051
5.62357
5.62664
5.62971
5.63278
5.63585
5.63891
5.64198
5.64505
5.64812
5.65119
5.65425
5.65732
5.66039
5.66346
5.66653
5.66959
5.67266
5.67573
5.67880
5.68186
5.68493
5.68800
5.69107
5.69414
5.69720
5.70027
5.70334
5.70641
5.70948
5.71254
5.71561
5.71868
5.72175
5.72482
5.72788
5.73095
5.73402
5.73709
5.74016
5.74322
5.74629
5.74936
5.75243
5.75550
5.75856
5.76163
5.76470
5.76777
5.77084
5.77390
5.77697
5.78004
5.78311
5.78618
5.78924
5.79231
5.79538
5.79845
5.80152
5.80458
5.80765
5.81072
5.81379
5.81686
5.81992
5.82299
5.82606
5.82913
5.83219
5.83526
5.83833
5.84140
5.84447
5.84753
5.85060
5.85367
5.85674
5.85981
5.86287
5.86594
5.86901
5.87208
5.87515
5.87821
5.88128
5.88435
5.88742
5.89049
5.89355
5.89662
5.89969
5.90276
5.90583
5.90889
5.91196
5.91503
5.91810
5.92117
5.92423
5.92730
5.93037
5.93344
5.93651
5.93957
5.94264
5.94571
5.94878
5.95185
5.95491
5.95798
5.96105
5.96412
5.96719
5.97025
5.97332
5.97639
5.97946
5.98253
5.98559
5.98866
5.99173
5.99480
5.99786
6.00093
6.00400
6.00707
6.01014
6.01320
6.01627
6.01934
6.02241
6.02548
6.02854
6.03161
6.03468
6.03775
6.04082
6.04388
6.04695
6.05002
6.05309
6.05616
6.05922
6.06229
6.06536
6.06843
6.07150
6.07456
6.07763
6.08070
6.08377
6.08684
6.08990
6.09297
6.09604
6.09911
6.10218
6.10524
6.10831
6.11138
6.11445
6.11752
6.12058
6.12365
6.12672
6.12979
6.13286
6.13592
6.13899
6.14206
6.14513
6.14819
6.15126
6.15433
6.15740
6.16047
6.16353
6.16660
6.16967
6.17274
6.17581
6.17887
6.18194
6.18501
6.18808
6.19115
6.19421
6.19728
6.20035
6.20342
6.20649
6.20955
6.21262
6.21569
6.21876
6.22183
6.22489
6.22796
6.23103
6.23410
6.23717
6.24023
6.24330
6.24637
6.24944
6.25251
6.25557
6.25864
6.26171
6.26478
6.26785
6.27091
6.27398
6.27705
6.28012
